tf.Tensor(
[[[[-1.00655890e+00]
   [-9.77274656e-01]
   [-1.05817664e+00]
   ...
   [-9.40132558e-01]
   [-1.00001049e+00]
   [-9.92647588e-01]]

  [[ 1.32323831e-01]
   [ 1.56512141e-01]
   [ 1.04002714e-01]
   ...
   [ 1.34855211e-01]
   [ 1.18703701e-01]
   [ 2.00774029e-01]]

  [[-7.33568100e-04]
   [-3.83191407e-02]
   [-5.83592616e-02]
   ...
   [-3.14328149e-02]
   [ 1.25287585e-02]
   [-2.26690900e-02]]

  ...

  [[-4.32727579e-03]
   [ 4.45453305e-04]
   [-1.21187384e-03]
   ...
   [ 2.62716698e-04]
   [-1.34169369e-03]
   [-2.64712423e-03]]

  [[ 3.23249667e-04]
   [ 1.22678408e-03]
   [-3.03034973e-03]
   ...
   [ 1.17498415e-03]
   [-1.34592073e-03]
   [-1.77152234e-03]]

  [[ 1.57875149e-03]
   [ 2.25367909e-03]
   [-2.70989118e-03]
   ...
   [-2.70117633e-03]
   [ 4.17981122e-04]
   [-9.71412926e-04]]]


 [[[-9.38921094e-01]
   [-9.71669078e-01]
   [-9.71329689e-01]
   ...
   [-8.48642349e-01]
   [-8.18193018e-01]
   [-7.92182803e-01]]

  [[ 9.28092897e-02]
   [ 7.60962144e-02]
   [ 1.04645811e-01]
   ...
   [ 4.62391488e-02]
   [ 1.44479200e-02]
   [ 4.76669483e-02]]

  [[-5.50087541e-02]
   [-3.52371857e-02]
   [-4.74810658e-04]
   ...
   [-6.65663183e-02]
   [-5.53104058e-02]
   [-8.18159431e-02]]

  ...

  [[-3.72758391e-03]
   [ 4.32137749e-04]
   [ 4.12545865e-04]
   ...
   [ 1.38908261e-04]
   [-2.63285008e-03]
   [-2.06839945e-03]]

  [[-3.83399823e-03]
   [-7.79530325e-04]
   [ 2.16741674e-03]
   ...
   [ 2.80094391e-04]
   [-9.65832442e-04]
   [-1.90264473e-04]]

  [[ 4.89148719e-04]
   [ 2.89819418e-05]
   [-1.06099636e-04]
   ...
   [ 1.11234898e-03]
   [-4.48742736e-04]
   [-1.96604361e-03]]]


 [[[-9.73776758e-01]
   [-1.05370533e+00]
   [-9.85048234e-01]
   ...
   [-9.87580895e-01]
   [-1.04891956e+00]
   [-1.03232229e+00]]

  [[ 9.78180394e-02]
   [ 6.92303618e-03]
   [ 7.21615553e-02]
   ...
   [ 8.73237103e-02]
   [ 8.07138905e-02]
   [ 1.26046628e-01]]

  [[ 4.00000298e-03]
   [ 1.62530039e-02]
   [-1.77070964e-02]
   ...
   [ 1.18553117e-02]
   [ 9.54837829e-04]
   [ 3.42525518e-03]]

  ...

  [[ 7.00691890e-04]
   [ 1.94834440e-03]
   [ 7.87131314e-04]
   ...
   [-1.58062123e-03]
   [ 8.89195944e-04]
   [ 2.60565849e-03]]

  [[-6.91255904e-04]
   [-1.48116937e-03]
   [ 3.96297328e-05]
   ...
   [ 1.20175187e-03]
   [-1.23466237e-03]
   [-2.83335743e-04]]

  [[ 1.24439108e-03]
   [ 4.03483909e-06]
   [ 2.93986493e-04]
   ...
   [-7.13643385e-04]
   [-3.86374340e-05]
   [ 1.19814729e-04]]]


 ...


 [[[-6.44354820e-01]
   [-7.10385859e-01]
   [-3.82170349e-01]
   ...
   [-2.54038429e+00]
   [-2.54038429e+00]
   [-2.54038429e+00]]

  [[-4.43816446e-02]
   [-2.12387256e-02]
   [-7.07765743e-02]
   ...
   [ 0.00000000e+00]
   [ 0.00000000e+00]
   [ 0.00000000e+00]]

  [[-9.71256942e-03]
   [-6.93344027e-02]
   [-2.00551137e-01]
   ...
   [ 0.00000000e+00]
   [ 0.00000000e+00]
   [ 0.00000000e+00]]

  ...

  [[-2.70501198e-03]
   [-3.91582539e-03]
   [ 2.88395048e-03]
   ...
   [ 0.00000000e+00]
   [ 0.00000000e+00]
   [ 0.00000000e+00]]

  [[ 4.68061864e-03]
   [ 3.20496340e-03]
   [-1.09992723e-03]
   ...
   [ 0.00000000e+00]
   [ 0.00000000e+00]
   [ 0.00000000e+00]]

  [[ 1.36804103e-03]
   [ 1.57568802e-03]
   [ 9.95062510e-05]
   ...
   [ 0.00000000e+00]
   [ 0.00000000e+00]
   [ 0.00000000e+00]]]


 [[[-1.54915261e+00]
   [-1.52711117e+00]
   [-1.49838805e+00]
   ...
   [-2.74920321e+00]
   [-2.74920321e+00]
   [-2.74920321e+00]]

  [[-9.67670009e-02]
   [-1.25906929e-01]
   [-7.41468370e-02]
   ...
   [ 1.03998410e-07]
   [ 1.03998410e-07]
   [ 1.03998410e-07]]

  [[ 1.06426038e-01]
   [ 1.02598190e-01]
   [ 1.09108612e-01]
   ...
   [ 4.98153199e-08]
   [ 4.98153199e-08]
   [ 4.98153199e-08]]

  ...

  [[ 1.12560774e-04]
   [ 8.75278725e-04]
   [-9.47933760e-04]
   ...
   [ 2.62803371e-26]
   [ 2.62803371e-26]
   [ 8.89990655e-26]]

  [[-2.65511824e-03]
   [ 7.79819617e-04]
   [ 1.67246588e-04]
   ...
   [ 0.00000000e+00]
   [ 0.00000000e+00]
   [ 4.94439218e-26]]

  [[ 6.24970475e-04]
   [-3.58104677e-04]
   [ 4.82454477e-03]
   ...
   [-6.13207898e-26]
   [-6.13207898e-26]
   [ 5.19161195e-26]]]


 [[[-1.47625148e+00]
   [-1.52468216e+00]
   [-1.63354182e+00]
   ...
   [-1.06365204e+00]
   [-1.14575779e+00]
   [-1.19418812e+00]]

  [[ 9.56632290e-03]
   [ 1.13358125e-02]
   [ 3.07759196e-02]
   ...
   [-2.85706501e-02]
   [-3.47967446e-02]
   [ 2.28980836e-02]]

  [[ 1.57865100e-02]
   [ 2.14924030e-02]
   [ 6.06979728e-02]
   ...
   [-1.86291888e-01]
   [-1.59223661e-01]
   [-1.65622175e-01]]

  ...

  [[-3.78626725e-03]
   [-2.43388163e-03]
   [ 2.59476155e-03]
   ...
   [ 4.90282837e-04]
   [-1.42425508e-03]
   [ 1.66768022e-03]]

  [[ 8.58880405e-04]
   [-1.19468034e-03]
   [ 9.11822717e-04]
   ...
   [ 1.53854652e-03]
   [-1.64777553e-03]
   [-4.82135511e-06]]

  [[-1.69773551e-03]
   [ 8.19774112e-04]
   [-3.76832322e-04]
   ...
   [ 6.39431644e-04]
   [-1.66887685e-03]
   [ 1.21028360e-03]]]], shape=(128, 64, 128, 1), dtype=float32)